NNS,WP$:1{0,0,0,0,0,0,0,0,0,0,0,0,0,0,0,0,2,}[max=2,total=2]
POS,LS:1{0,0,0,0,0,0,0,0,0,0,0,0,0,0,0,0,2,}[max=2,total=2]
RBR,CD:1{0,2,0,0,0,0,0,0,0,0,0,0,0,0,0,0,0,}[max=2,total=2]
RBR,NNS:1{0,0,0,0,0,0,0,0,0,0,0,0,0,0,0,0,2,}[max=2,total=2]
SYM,DT:1{0,0,0,0,0,0,0,0,0,0,0,0,0,2,0,0,0,}[max=2,total=2]
'',DT:1{0,0,0,0,0,0,0,0,0,0,1,0,0,0,0,0,0,}[max=1,total=1]
-RRB-,JJS:1{0,0,0,0,0,0,0,0,0,0,0,0,0,0,0,0,1,}[max=1,total=1]
-RRB-,RBR:1{0,0,0,1,0,0,0,0,0,0,0,0,0,0,0,0,0,}[max=1,total=1]
-RRB-,RBS:1{0,0,0,0,0,0,0,0,0,0,0,0,0,0,0,0,1,}[max=1,total=1]
.,</S>:1{0,0,0,0,0,0,0,0,0,1,0,0,0,0,0,0,0,}[max=1,total=1]
:,POS:1{0,0,0,0,0,0,0,0,0,0,0,1,0,0,0,0,0,}[max=1,total=1]
<S>,RBS:1{0,0,0,0,0,0,0,0,0,0,0,0,1,0,0,0,0,}[max=1,total=1]
<S>,WP$:1{0,0,0,0,0,0,0,0,0,0,0,0,0,0,0,0,1,}[max=1,total=1]
CD,RBS:1{0,0,0,0,0,0,0,0,0,0,0,0,0,0,0,1,0,}[max=1,total=1]
DT,WP$:1{0,0,0,0,0,0,0,1,0,0,0,0,0,0,0,0,0,}[max=1,total=1]
EX,PDT:1{0,0,0,0,1,0,0,0,0,0,0,0,0,0,0,0,0,}[max=1,total=1]
EX,RBR:1{0,0,0,0,0,0,0,0,0,0,0,0,0,0,0,0,1,}[max=1,total=1]
EX,TO:1{0,0,0,0,0,0,0,0,0,0,0,0,0,0,0,0,1,}[max=1,total=1]
EX,VBG:1{0,0,0,0,0,0,0,0,0,0,1,0,0,0,0,0,0,}[max=1,total=1]
EX,WDT:1{0,0,0,0,0,0,0,0,0,0,0,0,0,0,0,0,1,}[max=1,total=1]
FW,PDT:1{0,0,0,0,0,0,1,0,0,0,0,0,0,0,0,0,0,}[max=1,total=1]
FW,POS:1{0,0,0,0,0,0,0,0,0,0,0,0,0,0,0,0,1,}[max=1,total=1]
FW,RP:1{0,0,0,0,0,0,0,0,1,0,0,0,0,0,0,0,0,}[max=1,total=1]
IN,RBS:1{0,0,0,0,0,0,0,0,0,0,0,1,0,0,0,0,0,}[max=1,total=1]
IN,RP:1{0,0,0,0,0,0,0,0,0,0,1,0,0,0,0,0,0,}[max=1,total=1]
JJ,RBS:1{1,0,0,0,0,0,0,0,0,0,0,0,0,0,0,0,0,}[max=1,total=1]
JJR,MD:1{0,1,0,0,0,0,0,0,0,0,0,0,0,0,0,0,0,}[max=1,total=1]
JJR,SYM:1{0,0,0,0,0,0,0,0,1,0,0,0,0,0,0,0,0,}[max=1,total=1]
JJR,VBG:1{0,0,0,0,0,0,0,0,0,0,1,0,0,0,0,0,0,}[max=1,total=1]
JJR,VBN:1{0,0,0,0,0,0,0,0,0,0,0,0,0,0,0,1,0,}[max=1,total=1]
JJR,WDT:1{0,0,0,0,0,0,0,0,0,0,0,0,0,0,0,0,1,}[max=1,total=1]
JJS,EX:1{0,0,0,0,0,0,0,0,0,0,0,0,1,0,0,0,0,}[max=1,total=1]
JJS,WDT:1{0,0,0,0,0,0,0,0,0,1,0,0,0,0,0,0,0,}[max=1,total=1]
LS,-LRB-:1{0,0,0,0,0,0,0,0,0,0,0,1,0,0,0,0,0,}[max=1,total=1]
LS,EX:1{0,0,0,0,0,0,0,0,0,0,0,0,0,0,1,0,0,}[max=1,total=1]
LS,JJR:1{1,0,0,0,0,0,0,0,0,0,0,0,0,0,0,0,0,}[max=1,total=1]
LS,NNP:1{0,0,0,0,0,0,0,0,1,0,0,0,0,0,0,0,0,}[max=1,total=1]
LS,TO:1{0,0,0,0,0,0,0,0,0,0,0,0,1,0,0,0,0,}[max=1,total=1]
LS,WDT:1{0,0,0,0,0,0,1,0,0,0,0,0,0,0,0,0,0,}[max=1,total=1]
MD,RBS:1{0,0,0,0,0,0,0,0,0,0,0,0,0,0,0,0,1,}[max=1,total=1]
MD,VBP:1{0,0,0,0,0,0,0,0,0,0,0,0,0,0,0,1,0,}[max=1,total=1]
NN,'':1{0,0,0,0,0,0,0,0,0,0,1,0,0,0,0,0,0,}[max=1,total=1]
NN,.:1{0,0,0,0,0,0,0,0,0,1,0,0,0,0,0,0,0,}[max=1,total=1]
NN,NNPS:1{0,0,0,0,0,0,0,0,0,0,0,0,0,0,0,0,1,}[max=1,total=1]
NNP,RP:1{0,0,0,0,1,0,0,0,0,0,0,0,0,0,0,0,0,}[max=1,total=1]
NNP,``:1{0,0,0,0,0,0,0,0,0,0,0,0,0,0,0,0,1,}[max=1,total=1]
NNPS,MD:1{0,0,0,0,0,0,0,0,0,0,0,0,0,0,0,0,1,}[max=1,total=1]
POS,EX:1{0,0,0,0,1,0,0,0,0,0,0,0,0,0,0,0,0,}[max=1,total=1]
POS,JJS:1{0,0,0,0,0,0,0,0,0,0,0,1,0,0,0,0,0,}[max=1,total=1]
POS,RBR:1{0,0,0,0,0,0,0,0,0,1,0,0,0,0,0,0,0,}[max=1,total=1]
POS,WDT:1{0,0,0,0,0,0,0,0,0,1,0,0,0,0,0,0,0,}[max=1,total=1]
PRP$,PDT:1{0,0,0,0,0,0,0,0,0,0,0,1,0,0,0,0,0,}[max=1,total=1]
PRP$,WDT:1{0,0,0,0,0,0,0,0,0,0,0,0,0,0,0,1,0,}[max=1,total=1]
RBR,LS:1{0,0,0,0,0,0,0,0,0,0,0,0,0,0,0,1,0,}[max=1,total=1]
RBR,NN:1{0,0,0,0,0,0,0,0,0,0,0,0,0,0,0,0,1,}[max=1,total=1]
RBR,PDT:1{0,0,0,0,0,0,0,0,0,0,0,0,0,0,0,0,1,}[max=1,total=1]
RBR,VBD:1{0,0,0,0,0,0,0,0,0,0,0,1,0,0,0,0,0,}[max=1,total=1]
RBR,WDT:1{0,0,0,0,0,0,0,1,0,0,0,0,0,0,0,0,0,}[max=1,total=1]
RBR,WRB:1{0,0,0,0,0,0,0,0,0,0,0,0,0,0,0,0,1,}[max=1,total=1]
RBS,VBG:1{0,0,0,0,0,0,0,0,0,0,0,0,0,0,0,1,0,}[max=1,total=1]
RP,VBD:1{0,0,0,0,0,0,0,0,0,0,0,0,0,0,0,0,1,}[max=1,total=1]
SYM,CC:1{0,0,0,0,0,0,0,0,0,0,0,0,0,1,0,0,0,}[max=1,total=1]
SYM,CD:1{0,0,0,0,0,0,0,0,0,0,0,0,0,0,0,0,1,}[max=1,total=1]
SYM,IN:1{0,0,0,0,0,1,0,0,0,0,0,0,0,0,0,0,0,}[max=1,total=1]
SYM,JJ:1{0,0,0,0,0,0,0,0,0,0,0,0,0,0,0,1,0,}[max=1,total=1]
SYM,SYM:1{0,0,0,0,0,0,0,1,0,0,0,0,0,0,0,0,0,}[max=1,total=1]
SYM,VB:1{0,0,0,0,0,0,0,0,0,0,0,0,0,0,0,0,1,}[max=1,total=1]
TO,EX:1{0,0,0,0,0,1,0,0,0,0,0,0,0,0,0,0,0,}[max=1,total=1]
TO,RP:1{0,0,0,0,0,1,0,0,0,0,0,0,0,0,0,0,0,}[max=1,total=1]
UH,WP$:1{0,0,0,0,0,0,0,0,0,0,0,0,0,0,0,0,1,}[max=1,total=1]
VB,WP$:1{0,0,0,0,0,0,1,0,0,0,0,0,0,0,0,0,0,}[max=1,total=1]
VBD,RBS:1{0,0,0,1,0,0,0,0,0,0,0,0,0,0,0,0,0,}[max=1,total=1]
VBG,::1{0,0,0,0,0,0,0,0,0,0,0,0,0,0,0,1,0,}[max=1,total=1]
VBN,RBS:1{0,0,0,0,0,0,0,0,0,0,0,0,0,0,0,0,1,}[max=1,total=1]
VBP,RBS:1{0,0,0,0,0,0,0,0,0,0,0,0,0,0,0,0,1,}[max=1,total=1]
WDT,PRP$:1{0,0,0,0,0,0,0,0,0,1,0,0,0,0,0,0,0,}[max=1,total=1]
WDT,VBN:1{0,0,0,0,0,0,0,0,0,0,0,0,0,0,0,0,1,}[max=1,total=1]
WP$,IN:1{0,0,0,0,0,0,1,0,0,0,0,0,0,0,0,0,0,}[max=1,total=1]
WP$,UH:1{0,0,0,0,0,0,0,0,0,0,0,0,0,0,0,0,1,}[max=1,total=1]
WP,EX:1{0,0,0,0,0,0,0,0,0,0,0,0,0,0,0,0,1,}[max=1,total=1]
WP,RBS:1{0,0,0,0,0,1,0,0,0,0,0,0,0,0,0,0,0,}[max=1,total=1]
WP,VBN:1{0,0,0,0,0,0,0,0,0,0,0,0,0,1,0,0,0,}[max=1,total=1]
``,SYM:1{0,0,0,0,0,0,0,0,0,0,0,1,0,0,0,0,0,}[max=1,total=1]
EX,LS:2{0,0,0,0,0,0,0,0,0,2,0,0,0,0,0,0,4,}[max=4,total=6]
PRP$,RBS:2{0,0,0,0,0,0,0,0,0,0,0,0,0,0,0,3,2,}[max=3,total=5]
WP,VBG:2{0,0,0,0,0,0,0,0,0,3,0,0,0,0,0,0,2,}[max=3,total=5]
-RRB-,JJR:2{0,0,0,0,0,0,0,0,0,1,0,0,0,0,0,3,0,}[max=3,total=4]
JJR,::2{0,0,0,0,0,0,0,0,0,2,0,0,0,0,0,2,0,}[max=2,total=4]
NNP,JJS:2{0,0,0,0,0,0,0,0,2,0,0,0,0,0,0,0,2,}[max=2,total=4]
NNS,``:2{0,0,0,0,0,1,0,0,0,0,0,0,0,0,0,0,3,}[max=3,total=4]
PRP$,VBN:2{0,0,0,0,0,0,0,0,0,1,0,0,0,0,0,0,3,}[max=3,total=4]
CC,WP$:2{0,0,0,0,0,0,0,1,0,0,0,0,0,0,0,0,2,}[max=2,total=3]
JJR,NNP:2{0,0,0,1,0,0,0,0,0,0,2,0,0,0,0,0,0,}[max=2,total=3]
LS,FW:2{0,0,0,0,0,0,0,0,0,0,0,0,1,0,0,0,2,}[max=2,total=3]
MD,JJR:2{0,0,0,0,0,0,0,0,0,0,0,1,0,0,0,0,2,}[max=2,total=3]
POS,CD:2{0,0,0,0,1,0,0,0,0,0,0,0,0,0,0,2,0,}[max=2,total=3]
RBR,-LRB-:2{0,0,0,0,0,0,0,0,0,2,0,1,0,0,0,0,0,}[max=2,total=3]
RP,EX:2{0,0,0,0,0,0,0,0,0,0,0,2,0,0,0,0,1,}[max=2,total=3]
VB,RBS:2{0,0,0,0,0,0,0,0,0,0,0,1,0,0,0,0,2,}[max=2,total=3]
WDT,VBG:2{0,0,0,0,0,0,0,0,0,0,0,0,0,0,0,1,2,}[max=2,total=3]
WP,::2{0,0,0,0,0,0,1,0,0,0,0,0,0,0,0,0,2,}[max=2,total=3]
WP,RBR:2{0,0,2,0,0,0,0,0,0,0,0,1,0,0,0,0,0,}[max=2,total=3]
WRB,::2{0,0,0,0,0,0,0,0,0,0,0,0,0,0,2,1,0,}[max=2,total=3]
CD,PDT:2{0,0,0,0,0,0,1,0,0,0,0,0,0,0,0,0,1,}[max=1,total=2]
CD,POS:2{1,0,0,0,0,0,0,0,0,0,0,0,0,0,0,1,0,}[max=1,total=2]
DT,POS:2{0,0,0,0,0,0,0,1,0,0,0,1,0,0,0,0,0,}[max=1,total=2]
EX,CD:2{0,0,0,0,0,1,0,0,0,0,0,0,1,0,0,0,0,}[max=1,total=2]
EX,NNP:2{0,0,0,0,0,0,0,0,0,0,0,0,0,0,0,1,1,}[max=1,total=2]
EX,PRP$:2{0,0,0,0,0,0,0,0,0,0,1,0,1,0,0,0,0,}[max=1,total=2]
EX,WRB:2{0,0,0,0,0,0,0,0,0,1,0,0,0,0,0,0,1,}[max=1,total=2]
FW,RBR:2{0,0,0,0,0,0,0,0,1,0,0,0,0,0,0,0,1,}[max=1,total=2]
JJ,-RRB-:2{0,0,0,0,0,0,0,0,0,1,0,0,0,0,0,0,1,}[max=1,total=2]
JJR,PDT:2{0,0,0,0,0,0,0,0,1,0,0,0,0,0,0,0,1,}[max=1,total=2]
JJS,-LRB-:2{0,0,0,0,0,0,0,0,0,1,0,1,0,0,0,0,0,}[max=1,total=2]
LS,PRP$:2{0,0,0,0,0,0,0,0,0,0,0,1,0,1,0,0,0,}[max=1,total=2]
NNP,PDT:2{0,0,0,0,1,0,0,0,0,0,0,0,0,0,0,0,1,}[max=1,total=2]
NNPS,::2{0,0,0,0,0,0,0,0,0,0,1,0,1,0,0,0,0,}[max=1,total=2]
POS,FW:2{0,0,0,0,0,0,0,0,1,0,0,0,0,0,0,1,0,}[max=1,total=2]
POS,PRP$:2{0,0,0,0,0,0,0,0,0,1,0,0,0,0,1,0,0,}[max=1,total=2]
PRP,RBS:2{0,0,0,0,0,0,0,0,0,0,1,0,0,0,0,0,1,}[max=1,total=2]
RB,RP:2{0,0,0,0,0,0,0,0,1,0,0,0,0,0,0,0,1,}[max=1,total=2]
RBR,EX:2{0,0,0,0,0,0,1,0,0,0,0,0,0,0,0,1,0,}[max=1,total=2]
RBR,PRP$:2{0,0,0,0,0,0,0,0,0,0,1,0,0,0,0,0,1,}[max=1,total=2]
RP,JJR:2{0,0,0,0,0,0,0,0,0,0,0,1,0,0,0,1,0,}[max=1,total=2]
SYM,UH:2{0,0,0,1,0,0,0,0,0,0,0,0,0,0,0,0,1,}[max=1,total=2]
VBP,NNPS:2{0,0,0,0,0,0,0,0,0,0,1,0,1,0,0,0,0,}[max=1,total=2]
WDT,VB:2{0,0,0,0,0,0,0,0,0,0,0,0,0,0,0,1,1,}[max=1,total=2]
WP,JJR:2{0,0,1,0,0,0,0,0,0,0,0,0,0,0,1,0,0,}[max=1,total=2]
WP,JJS:2{0,0,0,0,0,0,0,0,1,0,0,0,0,0,0,1,0,}[max=1,total=2]
EX,JJ:3{0,0,0,0,0,0,0,0,0,1,0,0,0,0,0,1,5,}[max=5,total=7]
RP,WDT:3{0,0,0,0,0,0,0,0,0,0,0,2,0,0,0,1,4,}[max=4,total=7]
WP$,NN:3{0,0,0,0,0,0,0,2,1,0,0,0,0,0,0,0,4,}[max=4,total=7]
POS,WRB:3{0,0,0,0,0,0,4,0,0,0,0,0,0,0,0,1,1,}[max=4,total=6]
TO,RBR:3{0,0,0,0,0,4,0,1,0,1,0,0,0,0,0,0,0,}[max=4,total=6]
CD,RP:3{0,0,0,0,0,0,0,0,0,1,0,2,0,2,0,0,0,}[max=2,total=5]
JJR,-LRB-:3{0,0,0,0,0,0,0,0,0,2,0,0,0,0,1,0,2,}[max=2,total=5]
JJS,WRB:3{2,0,0,0,0,0,0,0,0,0,0,0,0,0,0,1,2,}[max=2,total=5]
LS,NNS:3{0,0,0,0,0,0,0,0,0,0,1,0,0,0,1,0,3,}[max=3,total=5]
MD,-LRB-:3{0,0,2,0,0,0,0,0,0,0,0,1,0,0,0,0,2,}[max=2,total=5]
MD,WP:3{0,0,1,0,0,0,0,0,0,0,0,0,0,0,0,1,3,}[max=3,total=5]
NNP,RBR:3{0,0,0,1,0,2,0,0,0,0,0,0,0,0,0,2,0,}[max=2,total=5]
POS,PRP:3{0,0,0,0,0,1,0,0,0,0,0,0,0,2,0,0,2,}[max=2,total=5]
PRP$,SYM:3{0,0,2,0,0,0,0,0,1,0,0,0,0,0,0,2,0,}[max=2,total=5]
PRP$,TO:3{0,0,0,0,0,1,0,0,0,0,0,0,0,0,0,1,3,}[max=3,total=5]
PRP$,VBP:3{1,0,0,0,0,0,0,0,0,1,0,0,0,0,0,0,3,}[max=3,total=5]
RB,RBS:3{0,0,0,0,0,0,0,0,1,0,0,0,0,0,2,0,2,}[max=2,total=5]
RBR,WP:3{0,2,0,0,0,1,0,0,0,0,0,2,0,0,0,0,0,}[max=2,total=5]
UH,RBS:3{0,0,0,0,2,0,0,0,0,0,0,1,0,0,0,0,2,}[max=2,total=5]
VBP,POS:3{0,0,0,0,0,0,0,0,1,3,0,0,0,0,0,0,1,}[max=3,total=5]
-RRB-,NNP:3{0,0,0,0,1,0,0,1,0,0,0,0,0,0,2,0,0,}[max=2,total=4]
EX,``:3{0,0,0,0,0,0,0,0,0,0,0,0,1,0,0,1,2,}[max=2,total=4]
JJR,PRP$:3{0,0,0,0,0,0,0,0,0,0,0,0,1,0,0,2,1,}[max=2,total=4]
JJR,VBD:3{0,0,0,0,0,0,0,1,0,0,0,0,0,0,0,1,2,}[max=2,total=4]
JJS,VBD:3{0,1,0,1,0,0,0,0,0,0,0,2,0,0,0,0,0,}[max=2,total=4]
NN,``:3{0,0,0,0,0,0,0,0,0,0,0,0,2,0,1,0,1,}[max=2,total=4]
NNP,JJR:3{0,0,0,1,0,0,0,0,0,0,2,0,1,0,0,0,0,}[max=2,total=4]
NNP,POS:3{0,0,0,0,0,0,0,0,0,0,1,0,0,0,1,0,2,}[max=2,total=4]
POS,NNP:3{0,0,0,0,2,0,0,0,0,0,0,0,0,1,0,1,0,}[max=2,total=4]
RBR,MD:3{0,0,1,0,0,0,0,0,0,2,0,0,1,0,0,0,0,}[max=2,total=4]
RP,RBR:3{0,0,0,0,0,0,0,0,1,0,0,0,0,1,0,0,2,}[max=2,total=4]
WDT,PDT:3{0,0,0,0,0,0,0,0,1,0,1,0,0,0,0,2,0,}[max=2,total=4]
WDT,SYM:3{0,0,0,0,0,0,0,0,0,0,0,1,0,0,1,0,2,}[max=2,total=4]
EX,-LRB-:3{0,0,0,0,0,0,0,0,0,0,0,0,0,1,1,1,0,}[max=1,total=3]
FW,JJS:3{0,0,0,0,0,0,0,0,1,0,0,1,0,0,0,1,0,}[max=1,total=3]
JJR,VB:3{0,0,0,0,0,1,0,0,1,0,0,0,0,0,0,0,1,}[max=1,total=3]
NN,WP$:3{0,0,0,0,0,0,0,1,1,0,0,0,0,1,0,0,0,}[max=1,total=3]
NNP,-LRB-:3{0,0,0,0,0,0,0,0,0,0,1,1,0,0,1,0,0,}[max=1,total=3]
NNP,RBS:3{0,0,0,0,0,1,0,0,1,0,0,0,0,0,0,0,1,}[max=1,total=3]
NNP,SYM:3{0,0,1,0,0,0,0,0,0,0,0,0,0,0,0,1,1,}[max=1,total=3]
NNS,RBS:3{0,0,0,0,0,0,0,1,1,0,0,0,0,0,0,0,1,}[max=1,total=3]
POS,DT:3{0,0,0,0,0,1,0,0,0,1,0,0,0,1,0,0,0,}[max=1,total=3]
POS,MD:3{0,0,0,0,0,0,0,1,0,1,0,0,0,1,0,0,0,}[max=1,total=3]
PRP$,VBD:3{0,0,0,0,0,0,0,0,1,0,0,0,0,1,0,1,0,}[max=1,total=3]
PRP$,WRB:3{0,0,0,0,0,0,0,0,0,0,0,0,0,0,1,1,1,}[max=1,total=3]
RBR,RBR:3{0,0,0,0,0,1,0,1,0,0,0,0,0,0,1,0,0,}[max=1,total=3]
RBR,VBZ:3{0,0,0,0,0,0,0,0,0,0,0,1,0,0,0,1,1,}[max=1,total=3]
RP,::3{0,0,0,0,0,1,0,0,0,0,1,0,0,0,0,0,1,}[max=1,total=3]
RP,NNP:3{0,0,1,0,0,0,1,0,0,0,0,0,1,0,0,0,0,}[max=1,total=3]
SYM,VBZ:3{0,0,0,0,0,0,1,0,0,0,0,1,0,0,0,0,1,}[max=1,total=3]
VBD,JJS:3{0,0,0,0,0,0,0,0,1,0,0,1,0,0,0,0,1,}[max=1,total=3]
VBG,JJS:3{0,0,0,0,0,0,0,1,0,0,0,1,0,0,0,1,0,}[max=1,total=3]
VBN,JJS:3{0,0,0,0,0,0,0,0,0,1,0,1,0,0,0,0,1,}[max=1,total=3]
WDT,EX:3{0,0,0,0,0,0,0,0,0,0,1,0,0,0,1,0,1,}[max=1,total=3]
WDT,JJS:3{0,0,0,0,0,0,0,0,0,0,0,1,0,1,0,1,0,}[max=1,total=3]
WDT,WRB:3{1,0,1,0,0,0,0,0,0,0,0,0,0,0,0,0,1,}[max=1,total=3]
WP$,JJ:3{0,0,0,0,0,0,0,1,0,0,0,0,0,1,0,0,1,}[max=1,total=3]
WP,PDT:3{0,0,0,0,0,0,0,0,0,0,0,0,1,0,0,1,1,}[max=1,total=3]
WRB,JJR:3{0,0,0,0,0,0,0,0,0,0,0,1,0,0,1,1,0,}[max=1,total=3]
``,NN:4{0,0,0,0,1,0,0,0,0,0,0,0,4,0,1,0,7,}[max=7,total=13]
FW,SYM:4{0,1,0,0,0,0,0,0,0,0,0,2,0,0,0,6,2,}[max=6,total=11]
POS,CC:4{0,2,0,0,0,0,1,0,0,0,0,2,0,0,0,0,4,}[max=4,total=9]
WRB,WDT:4{0,0,0,0,1,0,0,1,0,0,0,0,1,0,0,0,5,}[max=5,total=8]
-LRB-,CD:4{0,0,0,0,1,0,0,0,0,0,0,0,2,0,0,1,3,}[max=3,total=7]
FW,NNP:4{0,0,0,0,0,0,1,0,0,0,0,0,1,0,0,1,4,}[max=4,total=7]
TO,VBD:4{0,0,0,0,0,0,0,2,0,1,0,0,0,0,0,2,2,}[max=2,total=7]
FW,CD:4{0,0,0,0,1,0,0,0,0,0,0,2,1,0,0,0,2,}[max=2,total=6]
JJS,VBP:4{0,0,0,0,0,0,1,0,0,0,0,2,0,0,0,1,2,}[max=2,total=6]
LS,``:4{0,0,0,0,0,0,0,0,0,0,2,0,1,2,1,0,0,}[max=2,total=6]
NN,RBS:4{0,1,0,0,0,0,0,1,0,0,0,0,0,1,0,0,3,}[max=3,total=6]
CD,JJS:4{0,0,0,0,0,0,0,0,0,1,0,2,0,0,0,1,1,}[max=2,total=5]
EX,NNS:4{0,0,0,0,0,0,0,0,1,0,0,0,1,0,1,2,0,}[max=2,total=5]
FW,JJR:4{0,0,0,0,1,1,0,0,0,0,0,0,0,0,2,1,0,}[max=2,total=5]
FW,LS:4{0,0,0,0,1,0,2,0,0,0,0,0,0,0,1,1,0,}[max=2,total=5]
JJ,RP:4{0,0,0,0,0,0,0,0,2,1,0,0,0,1,1,0,0,}[max=2,total=5]
JJR,VBP:4{0,0,0,0,1,0,0,0,0,0,0,1,0,2,0,1,0,}[max=2,total=5]
PRP$,MD:4{0,2,0,0,0,0,0,0,0,0,1,1,0,0,0,0,1,}[max=2,total=5]
RBR,FW:4{0,0,0,0,0,0,0,0,1,0,0,2,1,0,1,0,0,}[max=2,total=5]
RBR,TO:4{1,0,0,0,0,0,0,0,0,0,0,0,0,0,1,1,2,}[max=2,total=5]
RBS,VBN:4{0,0,0,2,1,0,0,0,0,0,1,1,0,0,0,0,0,}[max=2,total=5]
RP,-LRB-:4{0,0,0,0,0,0,0,2,0,0,0,0,0,1,0,1,1,}[max=2,total=5]
RP,MD:4{0,0,0,0,0,0,0,2,0,0,1,0,0,0,1,1,0,}[max=2,total=5]
VBN,POS:4{0,0,0,1,0,0,1,0,0,0,0,0,0,0,0,2,1,}[max=2,total=5]
WDT,TO:4{0,0,0,0,0,0,0,0,0,0,0,1,0,2,0,1,1,}[max=2,total=5]
CD,RBR:4{0,0,0,0,0,0,0,0,0,0,0,0,0,1,1,1,1,}[max=1,total=4]
EX,WP:4{0,0,0,0,0,0,0,0,1,0,0,1,0,1,0,0,1,}[max=1,total=4]
JJR,EX:4{0,0,0,0,0,0,1,0,0,1,1,0,0,0,0,0,1,}[max=1,total=4]
JJS,PRP$:4{0,0,0,1,0,0,0,0,0,0,0,1,0,0,1,0,1,}[max=1,total=4]
JJS,WP:4{0,0,0,0,0,0,1,1,0,1,0,1,0,0,0,0,0,}[max=1,total=4]
MD,PDT:4{0,0,0,0,1,0,0,0,0,0,0,1,0,0,0,1,1,}[max=1,total=4]
POS,VBD:4{0,0,0,0,0,0,0,0,0,1,0,0,1,1,0,0,1,}[max=1,total=4]
POS,VBP:4{0,0,0,0,0,0,0,0,0,1,1,0,0,0,1,0,1,}[max=1,total=4]
RBR,JJR:4{1,0,1,0,1,0,0,0,0,0,0,0,0,0,0,0,1,}[max=1,total=4]
UH,RP:4{0,0,0,0,0,0,0,0,0,0,0,0,0,1,1,1,1,}[max=1,total=4]
VBG,MD:4{1,1,0,0,0,0,0,0,0,0,0,0,0,1,0,1,0,}[max=1,total=4]
SYM,LS:5{0,0,0,0,1,3,0,0,0,0,0,0,1,0,0,4,7,}[max=7,total=16]
FW,TO:5{0,2,0,1,0,0,0,0,0,0,0,0,2,0,1,0,8,}[max=8,total=14]
RP,CD:5{0,0,0,0,0,0,0,0,0,0,1,6,0,1,0,1,4,}[max=6,total=13]
-RRB-,PRP$:5{0,0,0,0,0,0,0,0,1,1,0,0,1,0,0,2,5,}[max=5,total=10]
JJ,POS:5{2,0,0,0,0,0,0,0,0,0,0,4,0,1,0,1,2,}[max=4,total=10]
:,RBS:5{0,0,0,0,0,0,0,0,1,0,0,0,1,0,2,2,2,}[max=2,total=8]
CC,RBS:5{0,0,0,0,1,0,0,1,0,0,0,0,0,0,2,1,3,}[max=3,total=8]
LS,CD:5{0,0,0,0,0,0,0,1,0,0,1,0,2,3,0,0,1,}[max=3,total=8]
MD,RBR:5{0,1,0,0,0,0,0,1,0,0,0,3,1,0,0,0,2,}[max=3,total=8]
PRP$,WP:5{0,0,0,0,0,0,0,0,1,0,0,1,1,0,0,3,2,}[max=3,total=8]
PRP,JJS:5{0,1,0,1,0,0,0,0,0,0,0,0,0,0,1,1,4,}[max=4,total=8]
-RRB-,VB:5{0,0,2,0,0,0,0,0,0,0,0,0,1,0,2,1,1,}[max=2,total=7]
JJ,JJS:5{0,0,0,1,2,0,0,0,0,0,1,0,1,0,0,0,2,}[max=2,total=7]
JJR,VBZ:5{0,2,0,0,0,2,0,0,0,0,0,0,0,1,0,1,1,}[max=2,total=7]
NNS,JJS:5{0,2,0,0,0,0,0,1,1,1,0,0,0,0,0,0,2,}[max=2,total=7]
POS,VBZ:5{1,0,0,0,0,0,1,0,0,2,0,0,0,0,1,0,2,}[max=2,total=7]
TO,LS:5{1,0,0,0,0,1,0,0,0,0,2,1,0,0,0,0,2,}[max=2,total=7]
CD,PRP$:5{0,0,0,0,1,0,0,0,0,0,1,0,0,0,1,1,2,}[max=2,total=6]
JJS,LS:5{0,0,0,0,0,0,1,2,0,1,1,0,1,0,0,0,0,}[max=2,total=6]
LS,VBZ:5{0,0,0,0,1,0,2,0,0,0,0,1,0,0,1,0,1,}[max=2,total=6]
PRP$,::5{0,0,0,0,0,0,1,0,1,2,0,0,0,0,0,1,1,}[max=2,total=6]
TO,MD:5{0,0,0,0,1,1,0,0,0,0,0,0,1,2,0,0,1,}[max=2,total=6]
VBZ,RBS:5{0,0,0,0,1,0,1,0,0,0,0,1,0,0,0,1,2,}[max=2,total=6]
WDT,WP:5{0,0,0,0,0,0,0,0,0,1,1,0,0,2,0,1,1,}[max=2,total=6]
EX,SYM:5{0,0,0,0,0,1,0,0,1,0,0,0,0,1,1,0,1,}[max=1,total=5]
POS,VBN:5{0,0,0,0,0,0,0,1,0,0,1,0,0,1,0,1,1,}[max=1,total=5]
PRP$,LS:5{0,0,1,0,1,0,0,1,0,0,0,0,0,1,1,0,0,}[max=1,total=5]
RP,PDT:5{1,0,0,0,0,0,0,0,1,0,1,0,0,0,0,1,1,}[max=1,total=5]
VBD,WDT:5{0,0,1,0,0,0,0,1,0,0,0,1,0,1,0,0,1,}[max=1,total=5]
JJ,PDT:6{0,0,0,0,0,1,1,0,7,0,2,0,0,4,0,0,6,}[max=7,total=21]
DT,RP:6{0,0,0,1,0,1,0,0,2,0,0,0,0,4,0,3,9,}[max=9,total=20]
RB,POS:6{0,0,0,1,0,0,5,0,0,1,0,0,0,2,0,2,4,}[max=5,total=15]
FW,``:6{0,0,0,0,1,2,0,0,0,0,1,0,2,0,1,0,7,}[max=7,total=14]
NNP,FW:6{0,0,0,0,1,0,0,0,0,2,4,1,0,0,0,1,5,}[max=5,total=14]
RP,WRB:6{0,0,0,0,1,0,0,1,0,3,0,1,1,0,0,0,7,}[max=7,total=14]
VBG,VBD:6{0,1,0,0,0,0,0,0,0,1,0,1,0,4,0,3,4,}[max=4,total=14]
FW,WDT:6{0,0,0,0,0,0,0,1,0,0,2,0,1,1,0,1,6,}[max=6,total=12]
JJS,JJS:6{1,0,0,2,1,0,0,0,1,0,0,0,0,0,0,2,5,}[max=5,total=12]
MD,VBG:6{0,0,0,0,0,2,0,0,0,3,0,2,1,1,0,0,3,}[max=3,total=12]
POS,IN:6{0,0,0,0,0,0,0,0,2,1,1,0,0,3,0,3,2,}[max=3,total=12]
WRB,VB:6{1,0,0,1,0,0,0,0,0,0,0,3,2,0,0,2,3,}[max=3,total=12]
CD,::6{0,1,0,0,1,0,0,0,0,0,1,0,2,0,0,2,4,}[max=4,total=11]
EX,EX:6{0,0,0,0,0,1,1,0,0,0,0,1,1,2,0,0,5,}[max=5,total=11]
LS,VBG:6{0,0,0,0,1,0,0,1,0,0,1,1,0,0,0,2,5,}[max=5,total=11]
NNS,RP:6{0,0,0,0,0,0,0,1,0,0,1,0,0,3,1,2,3,}[max=3,total=11]
VBN,SYM:6{0,0,0,0,0,2,0,1,0,2,0,1,0,0,0,3,2,}[max=3,total=11]
WP,SYM:6{1,0,0,0,0,2,0,0,0,0,0,2,0,1,0,2,3,}[max=3,total=11]
MD,VBZ:6{0,1,0,0,2,0,2,0,0,2,0,1,0,0,0,0,2,}[max=2,total=10]
VBD,VBP:6{0,0,0,0,0,0,0,1,1,1,1,0,0,0,0,4,2,}[max=4,total=10]
WRB,SYM:6{0,1,0,1,0,0,0,1,0,0,0,0,0,0,2,2,3,}[max=3,total=10]
MD,SYM:6{0,1,1,0,0,1,0,1,0,3,0,0,0,0,0,2,0,}[max=3,total=9]
POS,-LRB-:6{0,0,0,0,0,1,0,1,1,0,0,2,0,1,0,0,3,}[max=3,total=9]
SYM,</S>:6{0,0,0,0,0,0,0,2,1,1,0,2,0,0,0,2,1,}[max=2,total=9]
VBN,VB:6{0,0,0,1,0,0,1,0,1,1,0,2,0,0,0,0,3,}[max=3,total=9]
:,JJS:6{0,1,0,1,0,0,0,0,0,0,0,2,1,0,0,1,2,}[max=2,total=8]
CD,VB:6{0,0,0,0,1,1,0,0,0,0,0,0,1,1,0,1,3,}[max=3,total=8]
MD,CD:6{0,1,0,1,0,0,0,0,0,0,1,2,0,0,0,2,1,}[max=2,total=8]
MD,EX:6{0,1,0,1,0,0,0,0,0,0,0,1,0,1,0,1,3,}[max=3,total=8]
PRP$,VB:6{0,0,0,1,0,0,0,0,0,1,0,1,0,0,1,1,3,}[max=3,total=8]
RP,VBZ:6{0,0,0,0,0,0,0,1,1,0,0,1,0,3,1,0,1,}[max=3,total=8]
WDT,NNP:6{0,0,0,0,0,0,1,0,1,0,1,1,0,0,0,1,3,}[max=3,total=8]
WRB,PDT:6{0,1,0,0,0,1,0,0,0,1,0,2,0,0,1,0,2,}[max=2,total=8]
JJS,NNP:6{1,0,0,0,1,0,1,0,0,0,0,0,0,2,0,1,1,}[max=2,total=7]
JJS,VBG:6{2,1,0,0,0,1,0,1,0,0,0,0,0,0,1,1,0,}[max=2,total=7]
MD,WDT:6{0,0,0,0,2,0,1,0,0,0,0,1,0,1,0,1,1,}[max=2,total=7]
NNP,VBN:6{0,1,0,0,0,0,0,0,1,1,1,0,0,2,1,0,0,}[max=2,total=7]
PRP$,JJR:6{0,0,0,0,0,0,1,0,0,1,0,1,1,1,0,2,0,}[max=2,total=7]
JJR,WRB:6{0,0,0,0,0,1,0,1,0,0,1,1,0,0,1,0,1,}[max=1,total=6]
MD,PRP$:6{1,0,0,0,0,0,0,1,0,0,0,1,0,1,0,1,1,}[max=1,total=6]
RP,LS:6{0,0,1,0,0,1,0,0,0,0,1,0,1,1,0,0,1,}[max=1,total=6]
RBS,RB:7{1,0,0,0,0,0,0,0,4,0,1,3,0,0,3,5,12,}[max=12,total=29]
-RRB-,WRB:7{0,0,0,0,0,0,0,1,0,4,1,6,1,0,3,0,12,}[max=12,total=28]
NNS,RBR:7{0,2,0,0,0,0,2,1,0,0,0,2,0,0,6,4,10,}[max=10,total=27]
WRB,-LRB-:7{0,0,0,0,1,0,0,0,2,5,0,8,0,0,1,3,6,}[max=8,total=26]
LS,WP:7{0,0,0,1,0,0,2,0,0,1,1,2,0,0,0,5,10,}[max=10,total=22]
EX,POS:7{1,0,0,0,0,0,0,1,0,1,0,0,2,7,0,2,6,}[max=7,total=20]
PRP$,CD:7{1,0,0,0,1,0,0,0,0,0,1,0,1,3,0,7,6,}[max=7,total=20]
CD,VBG:7{0,0,0,0,0,0,0,0,0,1,1,4,0,1,1,3,8,}[max=8,total=19]
VBG,VB:7{0,0,0,0,0,0,2,0,1,0,2,0,2,1,0,3,8,}[max=8,total=19]
RBR,VBG:7{0,0,0,0,0,0,1,0,0,2,2,1,0,1,0,5,6,}[max=6,total=18]
-RRB-,VBN:7{0,0,0,2,0,0,0,0,1,0,1,3,0,0,1,1,8,}[max=8,total=17]
JJS,CC:7{1,0,0,0,0,0,0,1,0,1,1,2,0,0,1,0,9,}[max=9,total=16]
MD,VBN:7{0,0,0,0,0,0,0,1,0,1,1,3,0,3,0,1,6,}[max=6,total=16]
VBN,JJR:7{0,0,0,0,0,0,0,0,0,1,1,4,1,6,0,2,1,}[max=6,total=16]
TO,SYM:7{2,0,0,0,0,0,0,1,1,0,0,0,1,3,0,2,5,}[max=5,total=15]
VBG,VBP:7{0,0,0,0,1,1,1,0,0,0,6,1,0,2,0,0,2,}[max=6,total=14]
WP,CD:7{0,0,0,0,0,1,0,1,0,1,1,3,0,4,0,0,3,}[max=4,total=14]
WDT,-LRB-:7{0,0,1,0,0,0,0,0,0,2,0,1,1,1,0,3,4,}[max=4,total=13]
CD,WP:7{0,0,0,0,0,1,0,0,1,0,1,0,2,1,0,2,3,}[max=3,total=11]
JJS,MD:7{0,0,0,0,0,0,1,1,0,2,0,1,1,0,1,0,4,}[max=4,total=11]
VBD,POS:7{0,0,0,2,0,1,1,0,0,0,0,3,0,0,1,1,2,}[max=3,total=11]
VBG,SYM:7{0,0,0,0,0,0,0,0,3,1,1,1,1,2,0,0,2,}[max=3,total=11]
VBZ,JJS:7{2,0,0,0,0,2,0,0,0,1,0,0,1,0,2,1,2,}[max=2,total=11]
CD,SYM:7{0,1,0,0,2,0,1,2,1,1,0,0,0,0,0,0,2,}[max=2,total=10]
JJR,CD:7{0,0,0,1,0,1,0,0,0,0,2,0,1,0,1,2,2,}[max=2,total=10]
LS,LS:7{0,0,0,2,0,0,0,0,0,1,1,0,1,1,1,0,3,}[max=3,total=10]
PRP$,VBZ:7{1,0,0,0,1,0,1,0,0,1,0,0,1,1,0,0,3,}[max=3,total=9]
WP,VB:7{0,0,0,0,0,2,0,2,0,0,1,1,0,0,1,1,1,}[max=2,total=9]
WRB,CD:7{0,0,0,0,0,1,0,1,1,0,2,0,0,0,1,1,2,}[max=2,total=9]
-RRB-,SYM:7{0,0,1,0,1,1,0,0,0,0,0,2,1,0,1,1,0,}[max=2,total=8]
JJ,RBR:7{0,1,0,1,0,1,0,0,1,1,1,0,0,0,0,0,1,}[max=1,total=7]
RBR,VBN:8{0,0,1,0,0,0,2,2,0,0,0,6,3,0,2,4,15,}[max=15,total=35]
RBR,DT:8{1,0,0,1,0,1,0,0,0,2,2,3,0,0,0,6,11,}[max=11,total=27]
CD,-LRB-:8{0,0,0,1,2,2,0,0,0,4,0,1,0,0,1,5,9,}[max=9,total=25]
NNP,LS:8{0,0,0,0,1,1,0,0,3,3,5,2,0,0,0,1,8,}[max=8,total=24]
PRP$,FW:8{0,0,0,1,0,0,1,0,2,0,0,4,2,2,0,2,8,}[max=8,total=22]
CD,WRB:8{1,0,0,0,0,0,1,0,1,0,0,1,1,4,0,3,8,}[max=8,total=20]
-RRB-,EX:8{1,1,0,0,0,0,2,0,0,3,0,0,1,0,2,3,6,}[max=6,total=19]
NNP,WDT:8{1,0,0,1,0,0,0,0,0,0,3,3,0,3,2,3,3,}[max=3,total=19]
VBN,PDT:8{0,0,1,0,0,0,1,1,0,0,1,0,3,1,0,3,8,}[max=8,total=19]
EX,NN:8{1,0,0,0,0,0,0,2,0,0,1,1,2,1,0,2,8,}[max=8,total=18]
NNP,PRP$:8{0,0,0,2,0,2,0,0,0,2,3,3,2,0,0,1,2,}[max=3,total=17]
``,VB:8{0,0,0,0,0,0,0,1,1,1,1,0,0,4,2,1,6,}[max=6,total=17]
MD,NNS:8{0,0,0,0,1,2,0,0,1,0,1,0,1,3,0,2,5,}[max=5,total=16]
LS,CC:8{0,0,0,1,0,0,0,1,0,0,0,1,2,2,2,2,4,}[max=4,total=15]
TO,VBZ:8{0,0,0,1,0,2,3,1,1,1,0,0,0,4,0,1,0,}[max=4,total=14]
WRB,VBN:8{0,0,0,3,1,2,0,2,0,2,0,1,0,0,0,2,1,}[max=3,total=14]
MD,JJ:8{1,1,0,0,1,0,0,0,0,3,0,1,1,0,0,1,4,}[max=4,total=13]
MD,WRB:8{0,0,0,0,0,0,1,0,0,0,1,2,1,1,1,1,5,}[max=5,total=13]
VBG,WDT:8{0,0,1,0,0,2,1,0,0,0,1,0,1,1,0,2,4,}[max=4,total=13]
JJR,WP:8{0,0,0,1,1,0,0,1,0,1,2,3,0,0,0,1,2,}[max=3,total=12]
TO,JJR:8{1,0,0,0,1,0,0,0,3,1,0,2,1,0,0,1,2,}[max=3,total=12]
LS,WRB:8{1,0,0,1,0,1,0,0,1,0,0,0,0,1,2,1,3,}[max=3,total=11]
WP,POS:8{0,0,0,1,0,1,1,0,0,2,3,0,0,1,1,0,1,}[max=3,total=11]
JJS,VB:8{0,0,0,1,0,1,1,0,0,1,0,1,0,0,1,1,3,}[max=3,total=10]
WRB,POS:8{1,0,0,0,0,0,0,1,0,1,0,3,0,1,1,1,1,}[max=3,total=10]
CD,VBN:8{0,0,0,0,0,1,0,1,1,0,1,0,1,0,1,1,2,}[max=2,total=9]
LS,SYM:8{0,1,0,0,0,1,0,0,0,1,0,1,0,1,1,1,1,}[max=1,total=8]
WDT,CC:9{0,0,0,1,0,0,2,0,1,2,5,4,0,0,1,20,13,}[max=20,total=49]
NNS,-LRB-:9{0,0,0,1,0,1,0,0,0,2,2,11,1,0,2,4,12,}[max=12,total=36]
WRB,VBG:9{1,0,0,6,0,0,3,0,0,6,2,4,0,3,1,0,8,}[max=8,total=34]
IN,VBD:9{0,0,1,2,0,0,0,3,0,6,0,4,1,4,0,1,10,}[max=10,total=32]
<S>,JJS:9{0,0,0,0,0,1,0,1,8,1,1,2,0,0,3,5,8,}[max=8,total=30]
NNP,EX:9{0,2,0,1,3,0,1,0,0,0,5,1,0,5,0,3,8,}[max=8,total=29]
JJS,JJ:9{1,1,0,0,0,0,2,0,0,4,2,2,1,0,0,5,10,}[max=10,total=28]
VBD,SYM:9{0,0,0,0,1,4,0,0,2,1,0,3,0,1,2,4,10,}[max=10,total=28]
TO,WDT:9{0,1,0,0,0,1,3,3,0,2,0,5,0,2,0,2,8,}[max=8,total=27]
PRP,PDT:9{0,2,0,2,0,1,0,0,0,2,0,3,2,1,0,6,7,}[max=7,total=26]
EX,CC:9{1,2,0,1,1,0,0,2,0,0,0,2,0,1,0,5,8,}[max=8,total=23]
MD,VBD:9{1,0,0,1,0,1,2,1,0,12,1,0,0,0,0,3,1,}[max=12,total=23]
FW,-LRB-:9{1,0,1,0,0,1,0,2,0,0,0,2,1,0,4,1,9,}[max=9,total=22]
WDT,JJ:9{1,2,0,0,0,2,0,0,1,5,0,2,0,1,0,1,7,}[max=7,total=22]
IN,RBR:9{1,1,0,0,0,0,2,0,2,3,0,1,0,4,0,3,4,}[max=4,total=21]
JJ,SYM:9{1,0,0,0,0,3,0,1,0,2,0,3,1,1,0,2,6,}[max=6,total=20]
JJS,TO:9{1,0,0,0,0,2,0,1,2,1,0,3,0,1,0,4,5,}[max=5,total=20]
CD,EX:9{0,0,0,0,1,1,0,2,3,0,1,0,0,1,1,3,6,}[max=6,total=19]
NNP,VBG:9{0,0,0,1,0,2,1,1,0,1,0,0,2,3,0,4,4,}[max=4,total=19]
FW,VBG:9{0,0,2,0,0,0,3,0,1,1,4,0,3,1,0,1,2,}[max=4,total=18]
JJS,FW:9{0,1,0,1,0,0,0,2,0,2,0,2,1,1,0,1,7,}[max=7,total=18]
PRP$,-LRB-:9{1,0,0,0,0,0,1,0,1,7,1,1,0,0,1,2,3,}[max=7,total=18]
PRP$,CC:9{0,1,0,0,0,1,1,2,0,1,0,3,1,0,0,5,3,}[max=5,total=18]
PRP$,PRP:9{0,0,1,1,0,0,1,0,2,0,2,1,0,1,0,4,5,}[max=5,total=18]
WP,WDT:9{0,0,0,0,1,0,2,1,0,2,2,0,0,1,1,1,7,}[max=7,total=18]
-RRB-,CD:9{0,0,0,0,1,1,1,0,0,2,2,0,0,1,1,6,2,}[max=6,total=17]
FW,EX:9{2,0,0,1,0,0,1,1,1,0,0,0,0,3,2,2,4,}[max=4,total=17]
VBD,::9{0,0,1,0,0,1,0,0,1,1,0,0,3,1,1,2,6,}[max=6,total=17]
WRB,WP:9{1,0,0,0,0,0,2,0,0,3,1,0,1,1,1,2,5,}[max=5,total=17]
POS,RB:9{0,2,0,1,0,0,0,0,1,1,0,1,0,2,1,3,4,}[max=4,total=16]
VB,JJS:9{0,0,0,0,2,1,1,1,3,0,0,1,0,0,1,1,5,}[max=5,total=16]
CD,NNP:9{0,1,0,0,1,1,0,0,1,1,1,0,0,1,0,3,4,}[max=4,total=14]
FW,PRP$:9{1,0,0,0,1,1,0,0,0,0,1,3,1,4,1,0,1,}[max=4,total=14]
JJR,LS:9{0,2,0,0,0,0,0,1,1,2,1,1,0,1,4,0,1,}[max=4,total=14]
JJS,VBZ:9{2,1,0,0,1,0,0,1,2,0,0,1,0,1,0,1,4,}[max=4,total=14]
RP,VBG:9{0,0,2,0,0,0,0,1,0,1,1,0,1,1,1,2,2,}[max=2,total=12]
WP,NNP:9{1,1,0,0,0,0,1,0,0,1,1,1,0,2,0,1,2,}[max=2,total=11]
VBG,JJR:10{4,0,0,3,1,0,0,2,0,4,4,3,0,8,0,20,12,}[max=20,total=61]
VBN,WRB:10{0,0,0,0,0,3,2,1,2,6,0,4,0,7,1,4,11,}[max=11,total=41]
VBG,VBG:10{0,0,0,1,0,1,0,1,0,1,2,4,1,4,0,7,12,}[max=12,total=34]
JJR,JJ:10{0,1,0,3,0,2,1,1,0,1,0,0,0,3,2,4,15,}[max=15,total=33]
RP,PRP:10{0,0,0,0,0,1,1,3,2,1,0,3,0,2,1,5,14,}[max=14,total=33]
VBN,EX:10{0,0,0,0,1,1,0,3,1,2,2,0,0,2,6,4,9,}[max=9,total=31]
VBZ,WDT:10{0,0,0,0,0,1,0,1,1,6,0,4,1,1,2,5,8,}[max=8,total=30]
EX,UH:10{2,1,0,1,4,0,1,0,0,0,0,2,1,0,1,1,13,}[max=13,total=27]
VBP,MD:10{1,1,0,1,0,2,0,0,0,0,0,1,1,4,4,2,10,}[max=10,total=27]
MD,TO:10{0,0,3,1,0,0,0,0,1,3,2,4,1,2,3,0,6,}[max=6,total=26]
:,RBR:10{3,0,1,0,0,1,0,0,1,2,0,3,0,2,1,6,5,}[max=6,total=25]
FW,WP:10{0,0,0,1,0,0,1,1,3,1,0,2,0,1,2,5,7,}[max=7,total=24]
PRP$,NNP:10{0,1,2,1,2,0,0,0,0,0,4,3,2,2,0,3,4,}[max=4,total=24]
UH,::10{0,2,0,2,0,0,0,2,0,3,2,2,1,0,3,1,6,}[max=6,total=24]
VBN,NNP:10{0,0,1,0,1,1,0,1,0,0,2,1,1,9,0,2,5,}[max=9,total=24]
VBP,JJS:10{3,0,1,0,0,2,1,2,2,3,0,4,0,0,0,1,3,}[max=4,total=22]
MD,NNP:10{1,2,0,2,0,0,3,0,0,1,0,1,2,1,0,3,5,}[max=5,total=21]
CD,MD:10{0,0,1,0,1,0,0,0,0,1,1,2,1,2,1,5,5,}[max=5,total=20]
IN,POS:10{0,0,1,0,0,1,1,1,1,2,0,1,0,5,0,2,5,}[max=5,total=20]
EX,IN:10{1,2,1,1,0,0,0,1,0,0,1,0,0,1,2,3,6,}[max=6,total=19]
SYM,FW:10{1,0,0,1,1,0,3,1,0,0,4,1,0,1,0,3,3,}[max=4,total=19]
TO,VBN:10{0,1,0,2,0,3,1,1,0,5,2,0,0,1,1,0,2,}[max=5,total=19]
POS,VBG:10{1,0,0,0,0,0,1,1,0,1,1,1,1,4,0,3,4,}[max=4,total=18]
RBR,PRP:10{1,0,1,0,1,0,0,1,0,0,1,1,1,1,0,6,4,}[max=6,total=18]
:,PDT:10{1,0,0,0,0,1,1,0,0,0,2,2,3,1,2,1,3,}[max=3,total=17]
PRP$,VBG:10{0,0,1,1,2,0,0,1,0,3,1,1,0,1,0,1,5,}[max=5,total=17]
RP,VB:10{0,0,0,1,0,1,1,2,1,1,1,0,1,0,0,2,3,}[max=3,total=14]
WRB,NNP:10{1,1,0,0,0,0,1,1,0,1,0,0,1,3,1,2,2,}[max=3,total=14]
:,NNP:10{1,0,0,0,0,2,1,0,1,0,1,1,1,1,0,1,3,}[max=3,total=13]
PDT,PRP$:10{0,1,2,0,0,1,0,0,2,0,1,0,1,1,1,1,2,}[max=2,total=13]
VBD,MD:10{0,1,0,1,1,0,1,0,1,2,0,2,0,1,0,1,1,}[max=2,total=12]
PRP,RBR:11{0,1,0,0,0,3,0,2,4,6,0,3,2,1,1,13,11,}[max=13,total=47]
RP,PRP$:11{1,0,0,0,0,0,0,1,1,3,1,4,4,5,1,16,10,}[max=16,total=47]
VBN,-LRB-:11{0,0,0,1,3,0,0,0,2,5,2,6,2,2,4,8,11,}[max=11,total=46]
VBN,::11{0,0,3,0,0,4,1,2,0,0,4,5,1,2,3,8,9,}[max=9,total=42]
WP,PRP$:11{1,0,0,2,0,0,1,5,1,2,2,1,0,1,0,15,11,}[max=15,total=42]
NNS,PRP$:11{0,3,0,0,0,2,1,3,0,4,1,2,2,0,4,4,10,}[max=10,total=36]
VBG,LS:11{0,0,1,0,1,0,0,0,4,1,4,4,2,2,2,4,10,}[max=10,total=35]
VBG,PDT:11{0,4,0,0,0,0,1,0,2,2,4,1,2,2,1,2,13,}[max=13,total=34]
VBG,WRB:11{0,1,1,0,0,2,2,0,1,2,0,4,0,3,3,1,13,}[max=13,total=33]
RP,JJ:11{0,0,0,0,0,2,1,2,1,2,2,3,0,3,2,1,12,}[max=12,total=31]
VBG,-LRB-:11{0,0,0,2,0,2,1,1,0,3,1,5,0,1,3,4,8,}[max=8,total=31]
UH,JJS:11{1,1,0,0,2,1,1,1,2,0,1,0,0,3,0,4,10,}[max=10,total=27]
VBZ,VBP:11{0,0,1,1,1,1,1,0,3,1,3,1,0,0,0,2,9,}[max=9,total=24]
NN,JJS:11{0,1,0,0,1,1,1,1,3,0,0,3,1,2,0,2,6,}[max=6,total=22]
VBN,RBR:11{1,0,0,0,1,1,1,2,0,1,0,2,0,1,1,2,4,}[max=4,total=17]
WP,CC:11{0,1,0,1,0,1,0,2,0,1,1,1,0,1,2,3,3,}[max=3,total=17]
VBG,EX:11{0,1,1,0,0,1,0,1,2,0,0,1,2,1,2,1,3,}[max=3,total=16]
CC,::11{1,1,0,0,1,1,0,1,0,2,1,1,0,1,0,1,3,}[max=3,total=14]
CD,JJR:12{3,0,0,1,0,3,0,3,1,1,3,0,1,4,2,6,26,}[max=26,total=54]
WP,TO:12{0,0,0,0,0,1,1,2,4,1,1,2,1,7,4,5,22,}[max=22,total=51]
FW,NNS:12{0,0,1,0,2,3,4,1,2,1,0,4,0,1,2,12,17,}[max=17,total=50]
JJ,PRP$:12{0,0,0,1,3,3,0,4,5,0,4,2,5,2,4,5,12,}[max=12,total=50]
-RRB-,WP:12{0,0,1,3,0,1,2,0,1,5,3,12,2,5,0,1,11,}[max=12,total=47]
CD,WDT:12{0,0,0,1,0,2,2,1,2,4,0,4,2,3,2,9,11,}[max=11,total=43]
PRP$,JJS:12{1,0,0,2,1,1,1,4,5,0,0,1,0,2,1,12,12,}[max=12,total=43]
SYM,NN:12{1,1,0,0,1,0,3,2,1,0,2,7,2,3,0,4,14,}[max=14,total=41]
JJS,PRP:12{0,3,0,0,0,0,4,5,2,2,2,5,3,5,3,2,4,}[max=5,total=40]
WRB,CC:12{1,0,0,2,0,1,1,1,0,2,3,1,0,6,1,9,11,}[max=11,total=39]
VBZ,PDT:12{0,0,0,2,1,1,2,4,3,0,1,2,3,2,0,9,8,}[max=9,total=38]
TO,::12{0,3,1,3,0,3,0,3,1,1,0,1,3,1,0,2,15,}[max=15,total=37]
JJ,JJR:12{0,0,1,0,1,1,1,5,2,4,0,4,0,2,1,1,11,}[max=11,total=34]
VBN,LS:12{0,1,1,0,2,3,0,1,0,0,1,4,1,2,2,5,10,}[max=10,total=33]
NNS,JJR:12{0,1,1,1,0,2,0,2,0,2,1,3,0,2,2,3,12,}[max=12,total=32]
PRP$,RB:12{0,1,0,0,1,1,1,1,0,2,3,3,3,0,3,4,8,}[max=8,total=31]
VB,VBD:12{0,0,0,1,0,1,0,1,1,2,2,7,1,3,1,3,8,}[max=8,total=31]
JJR,JJR:12{1,1,2,1,0,3,0,0,1,0,2,0,1,1,3,9,5,}[max=9,total=30]
CD,VBP:12{0,0,2,1,0,1,2,0,1,1,1,0,1,2,2,5,10,}[max=10,total=29]
LS,DT:12{1,1,0,1,0,6,2,0,1,1,3,0,1,1,0,2,9,}[max=9,total=29]
RP,WP:12{2,0,1,0,1,1,0,0,1,1,3,1,2,2,0,2,12,}[max=12,total=29]
RBR,VB:12{0,1,0,1,0,2,1,0,1,3,0,4,1,3,1,3,7,}[max=7,total=28]
VBN,VBD:12{0,1,0,2,0,0,2,1,2,1,1,1,1,5,0,2,9,}[max=9,total=28]
WDT,CD:12{2,1,0,0,2,0,3,0,3,2,0,2,1,1,2,3,5,}[max=5,total=27]
CC,JJS:12{2,1,0,0,1,3,0,2,3,1,0,0,3,2,1,3,4,}[max=4,total=26]
WRB,PRP$:12{1,0,1,0,2,3,0,0,1,1,7,4,1,0,1,3,1,}[max=7,total=26]
NN,PDT:12{1,0,0,1,0,1,0,1,1,1,3,2,1,2,0,4,6,}[max=6,total=24]
VBN,MD:12{1,1,2,0,0,1,1,0,1,6,1,3,0,1,0,2,4,}[max=6,total=24]
<S>,::12{0,0,0,2,1,1,2,0,2,2,1,1,1,1,1,0,7,}[max=7,total=22]
WP,WRB:12{2,0,0,2,1,1,0,2,0,2,1,2,0,3,1,1,3,}[max=3,total=21]
NNS,PDT:12{2,0,0,0,0,1,1,1,3,2,1,1,2,1,0,2,3,}[max=3,total=20]
JJR,RBR:12{0,0,0,0,1,1,1,1,1,1,1,0,1,1,1,3,6,}[max=6,total=19]
RP,CC:13{0,1,3,2,0,2,0,7,4,6,3,8,3,11,0,16,33,}[max=33,total=99]
VBZ,RP:13{1,0,3,0,1,0,3,5,5,3,0,16,3,11,1,12,35,}[max=35,total=99]
PRP,-LRB-:13{0,0,6,1,0,3,1,0,3,3,5,18,2,5,4,4,28,}[max=28,total=83]
-RRB-,POS:13{2,0,0,1,3,0,3,1,7,2,0,14,3,7,6,5,28,}[max=28,total=82]
-RRB-,WDT:13{2,1,0,0,3,0,0,1,2,6,1,13,4,6,9,6,17,}[max=17,total=71]
IN,MD:13{3,3,3,1,6,5,13,0,0,3,1,10,0,0,3,1,19,}[max=19,total=71]
NNS,EX:13{0,0,1,4,0,0,4,4,6,8,2,5,2,6,2,10,16,}[max=16,total=70]
VBD,VBD:13{0,3,2,2,0,3,1,1,2,6,1,5,0,11,0,6,27,}[max=27,total=70]
LS,JJ:13{0,0,0,3,1,0,4,2,5,3,1,5,7,7,4,5,12,}[max=12,total=59]
PRP,WDT:13{1,1,2,2,0,2,0,2,0,5,4,6,0,10,1,6,16,}[max=16,total=58]
FW,VBZ:13{0,0,1,2,1,2,0,3,4,2,3,1,5,0,5,9,19,}[max=19,total=57]
VBD,WRB:13{2,2,0,2,0,6,0,1,2,3,4,8,3,0,1,7,13,}[max=13,total=54]
JJR,PRP:13{1,0,2,2,0,1,1,3,0,0,4,4,1,2,2,12,16,}[max=16,total=51]
VBN,VBZ:13{0,2,0,2,3,3,4,0,1,2,0,4,2,8,2,5,13,}[max=13,total=51]
-RRB-,FW:13{0,0,1,1,3,2,2,1,1,3,0,8,3,0,2,2,20,}[max=20,total=49]
CD,LS:13{1,1,2,0,0,0,1,0,3,3,3,5,3,4,2,6,12,}[max=12,total=46]
VBZ,VBD:13{0,0,0,1,1,2,1,0,5,2,2,2,7,3,1,7,12,}[max=12,total=46]
``,FW:13{0,2,3,0,2,3,1,0,3,1,4,0,2,3,3,6,11,}[max=11,total=44]
CD,FW:13{0,2,0,0,1,4,1,2,0,2,2,5,2,4,3,6,8,}[max=8,total=42]
EX,DT:13{0,0,1,1,0,1,2,0,1,1,2,1,1,7,1,8,15,}[max=15,total=42]
PRP,``:13{0,2,3,0,2,0,1,1,4,2,2,1,0,5,3,6,10,}[max=10,total=42]
VBZ,SYM:13{0,0,0,1,2,2,1,3,2,1,1,5,0,2,1,8,13,}[max=13,total=42]
WDT,LS:13{1,0,0,1,0,0,1,3,4,2,2,1,2,6,3,4,11,}[max=11,total=41]
NN,RP:13{1,0,1,1,1,1,0,2,10,0,2,4,0,2,1,6,8,}[max=10,total=40]
WDT,WDT:13{1,0,0,1,0,1,3,3,1,2,1,2,0,4,2,6,12,}[max=12,total=39]
MD,CC:13{1,0,1,0,3,0,3,1,1,1,1,5,2,2,0,8,7,}[max=8,total=36]
NNP,VBP:13{1,0,0,2,2,1,3,0,5,1,1,4,1,4,0,3,8,}[max=8,total=36]
JJR,FW:13{1,1,0,1,1,1,0,2,4,0,1,6,2,0,1,6,7,}[max=7,total=34]
NNP,WRB:13{1,1,0,1,0,0,1,4,5,0,2,1,2,2,1,5,8,}[max=8,total=34]
RP,FW:13{1,0,2,1,0,0,1,2,3,3,0,2,2,3,1,4,9,}[max=9,total=34]
VBG,RBR:13{1,0,0,0,0,1,1,1,2,2,2,5,2,4,1,7,5,}[max=7,total=34]
LS,PRP:13{0,2,1,3,0,1,0,1,1,3,3,1,1,2,0,6,8,}[max=8,total=33]
